sending... | register: 11 | value: 0

0: 480x640 None392.8ms
Speed: 5.2ms preprocess, 392.8ms inference, 2.8ms postprocess per image at shape (1, 3, 480, 640)
prediction successful!
prediction successful!
prediction successful!
prediction successful!
prediction successful!
prediction successful!
Real:  [
    [470.57495492815974, 1506.0757470989226, 890.5300314712524, 0, [[270, 284], [414, 280], [408, 86], [265, 91]], [39.854954928159714, -176.48574709892273, 1817.0000314712524, 1.77]], 
    [839.0115782928467, 1488.1020856761932, 890.5300314712524, 0, [[396, 293], [537, 286], [528, 90], [386, 96]], [408.2915782928467, -158.51208567619324, 1817.0000314712524, 2.63]], 
    [53.91797277450564, 1519.7177899742126, 906.5300638961792, 0, [[141, 284], [278, 273], [262, 77], [124, 89]], [-376.8020272254944, -190.12778997421265, 1833.0000638961792, 4.67]], 
    [879.7321304988861, 902.5585425758361, 922.5300963211059, 0, [[409, 485], [549, 476], [536, 283], [397, 292]], [449.0121304988861, 427.0314574241638, 1849.000096321106, 3.85]], 
    [495.87298783779147, 898.1145692729949, 928.5301382827759, 0, [[276, 484], [417, 483], [417, 287], [276, 287]], [65.15298783779144, 431.475430727005, 1855.0001382827759, 0.0]], 
    [99.51567503929141, 907.1238411331176, 956.5301354217529, 0, [[286, 477], [290, 286], [151, 283], [148, 474]], [-331.2043249607086, 422.4661588668823, 1883.000135421753, 178.8]]
    ]
For Z:  [
    [470.57495492815974, 1506.0757470989226, 890.5300314712524, 0, [[270, 284], [414, 280], [408, 86], [265, 91]], [39.854954928159714, -176.48574709892273, 1817.0000314712524, 1.77]], 
    [839.0115782928467, 1488.1020856761932, 890.5300314712524, 0, [[396, 293], [537, 286], [528, 90], [386, 96]], [408.2915782928467, -158.51208567619324, 1817.0000314712524, 2.63]], 
    [53.91797277450564, 1519.7177899742126, 906.5300638961792, 0, [[141, 284], [278, 273], [262, 77], [124, 89]], [-376.8020272254944, -190.12778997421265, 1833.0000638961792, 4.67]], 
    [879.7321304988861, 902.5585425758361, 922.5300963211059, 0, [[409, 485], [549, 476], [536, 283], [397, 292]], [449.0121304988861, 427.0314574241638, 1849.000096321106, 3.85]], 
    [495.87298783779147, 898.1145692729949, 928.5301382827759, 0, [[276, 484], [417, 483], [417, 287], [276, 287]], [65.15298783779144, 431.475430727005, 1855.0001382827759, 0.0]]
    ]    
For Y:  [
    [495.87298783779147, 898.1145692729949, 928.5301382827759, 0, [[276, 484], [417, 483], [417, 287], [276, 287]], [65.15298783779144, 431.475430727005, 1855.0001382827759, 0.0]], 
    [879.7321304988861, 902.5585425758361, 922.5300963211059, 0, [[409, 485], [549, 476], [536, 283], [397, 292]], [449.0121304988861, 427.0314574241638, 1849.000096321106, 3.85]]
    ]
For X:  [
    [879.7321304988861, 902.5585425758361, 922.5300963211059, 0, [[409, 485], [549, 476], [536, 283], [397, 292]], [449.0121304988861, 427.0314574241638, 1849.000096321106, 3.85]], 
    [495.87298783779147, 898.1145692729949, 928.5301382827759, 0, [[276, 484], [417, 483], [417, 287], [276, 287]], [65.15298783779144, 431.475430727005, 1855.0001382827759, 0.0]]
    ]
sending... | register: 11 | value: 1
sending... | register: 11 | value: 0
sending... | register: 11 | value: 0

0: 480x640 None389.1ms
Speed: 4.8ms preprocess, 389.1ms inference, 3.2ms postprocess per image at shape (1, 3, 480, 640)
prediction successful!
prediction successful!
prediction successful!
prediction successful!
prediction successful!
Real:  [
    [476.41440707564357, 1499.5215309524535, 884.530108718872, 0, [[271, 290], [416, 286], [411, 83], [267, 87]], [45.69440707564354, -169.9315309524536, 1811.000108718872, 1.41]], 
    [850.2944097232819, 1494.9986709022521, 900.5301411437988, 0, [[396, 290], [539, 286], [534, 89], [391, 92]], [419.57440972328186, -165.4086709022522, 1827.0001411437988, 1.45]], 
    [57.73660394668582, 1517.8186518812179, 917.5301010894775, 0, [[142, 285], [280, 273], [263, 80], [126, 92]], [-372.9833960533142, -188.22865188121796, 1844.0001010894775, 5.03]], 
    [496.43494787931445, 903.6468935871123, 944.5300514984131, 0, [[277, 483], [420, 481], [417, 281], [274, 283]], [65.71494787931442, 425.9431064128876, 1871.000051498413, 0.86]], 
    [98.63623830795291, 906.0020519161224, 961.5301306533813, 0, [[289, 477], [291, 285], [149, 284], [147, 475]], [-332.0837616920471, 423.58794808387756, 1888.0001306533813, 179.4]]
    ]    
For Z:  [
    [476.41440707564357, 1499.5215309524535, 884.530108718872, 0, [[271, 290], [416, 286], [411, 83], [267, 87]], [45.69440707564354, -169.9315309524536, 1811.000108718872, 1.41]], 
    [850.2944097232819, 1494.9986709022521, 900.5301411437988, 0, [[396, 290], [539, 286], [534, 89], [391, 92]], [419.57440972328186, -165.4086709022522, 1827.0001411437988, 1.45]], 
    [57.73660394668582, 1517.8186518812179, 917.5301010894775, 0, [[142, 285], [280, 273], [263, 80], [126, 92]], [-372.9833960533142, -188.22865188121796, 1844.0001010894775, 5.03]]
    ]
For Y:  [
    [850.2944097232819, 1494.9986709022521, 900.5301411437988, 0, [[396, 290], [539, 286], [534, 89], [391, 92]], [419.57440972328186, -165.4086709022522, 1827.0001411437988, 1.45]], 
    [476.41440707564357, 1499.5215309524535, 884.530108718872, 0, [[271, 290], [416, 286], [411, 83], [267, 87]], [45.69440707564354, -169.9315309524536, 1811.000108718872, 1.41]], 
    [57.73660394668582, 1517.8186518812179, 917.5301010894775, 0, [[142, 285], [280, 273], [263, 80], [126, 92]], [-372.9833960533142, -188.22865188121796, 1844.0001010894775, 5.03]]
    ]
For X:  [
    [850.2944097232819, 1494.9986709022521, 900.5301411437988, 0, [[396, 290], [539, 286], [534, 89], [391, 92]], [419.57440972328186, -165.4086709022522, 1827.0001411437988, 1.45]], 
    [476.41440707564357, 1499.5215309524535, 884.530108718872, 0, [[271, 290], [416, 286], [411, 83], [267, 87]], [45.69440707564354, -169.9315309524536, 1811.000108718872, 1.41]], 
    [57.73660394668582, 1517.8186518812179, 917.5301010894775, 0, [[142, 285], [280, 273], [263, 80], [126, 92]], [-372.9833960533142, -188.22865188121796, 1844.0001010894775, 5.03]]
    ]
sending... | register: 11 | value: 1
sending... | register: 11 | value: 0
sending... | register: 11 | value: 0

0: 480x640 None380.9ms
Speed: 6.9ms preprocess, 380.9ms inference, 2.6ms postprocess per image at shape (1, 3, 480, 640)
prediction successful!
prediction successful!
prediction successful!
prediction successful!
Real:  [
    [437.6025329653919, 1499.5215309524535, 884.530108718872, 0, [[267, 289], [405, 278], [389, 84], [251, 96]], [6.882532965391874, -169.9315309524536, 1811.000108718872, 4.71]], 
    [53.91797277450564, 1516.6958046817779, 906.5300638961792, 0, [[141, 282], [279, 270], [262, 81], [124, 94]], [-376.8020272254944, -187.10580468177795, 1833.0000638961792, 5.14]], 
    [468.22868514180186, 902.5585425758361, 922.5300963211059, 0, [[279, 488], [410, 480], [397, 280], [266, 288]], [37.508685141801834, 427.0314574241638, 1849.000096321106, 3.72]], 
    [97.47671935081485, 908.4700120353698, 950.530093460083, 0, [[148, 480], [291, 477], [288, 280], [144, 282]], [-333.2432806491852, 421.1199879646301, 1877.000093460083, 0.87]]
    ]
For Z:  [
    [437.6025329653919, 1499.5215309524535, 884.530108718872, 0, [[267, 289], [405, 278], [389, 84], [251, 96]], [6.882532965391874, -169.9315309524536, 1811.000108718872, 4.71]], 
    [53.91797277450564, 1516.6958046817779, 906.5300638961792, 0, [[141, 282], [279, 270], [262, 81], [124, 94]], [-376.8020272254944, -187.10580468177795, 1833.0000638961792, 5.14]], 
    [468.22868514180186, 902.5585425758361, 922.5300963211059, 0, [[279, 488], [410, 480], [397, 280], [266, 288]], [37.508685141801834, 427.0314574241638, 1849.000096321106, 3.72]]]
For Y:  [
    [468.22868514180186, 902.5585425758361, 922.5300963211059, 0, [[279, 488], [410, 480], [397, 280], [266, 288]], [37.508685141801834, 427.0314574241638, 1849.000096321106, 3.72]]
    ]
For X:  [
    [468.22868514180186, 902.5585425758361, 922.5300963211059, 0, [[279, 488], [410, 480], [397, 280], [266, 288]], [37.508685141801834, 427.0314574241638, 1849.000096321106, 3.72]]
    ]
sending... | register: 11 | value: 1
sending... | register: 11 | value: 0
sending... | register: 11 | value: 0

0: 480x640 None421.8ms
Speed: 6.6ms preprocess, 421.8ms inference, 2.2ms postprocess per image at shape (1, 3, 480, 640)
prediction successful!
prediction successful!
prediction successful!
Real:  [
    [440.64800015956166, 1506.5614057445525, 895.5301459121704, 0, [[267, 288], [407, 277], [391, 83], [251, 94]], [9.928000159561634, -176.9714057445526, 1822.0001459121704, 4.71]], 
    [55.92015239715579, 1517.2061843538283, 911.5300591278076, 0, [[141, 284], [278, 273], [263, 79], [125, 90]], [-374.79984760284424, -187.61618435382843, 1838.0000591278076, 4.42]], 
    [85.09144041061404, 907.7784789466857, 967.5300534057617, 0, [[145, 475], [289, 473], [286, 282], [142, 284]], [-345.628559589386, 421.8115210533142, 1894.0000534057617, 0.9]]
    ]
For Z:  [
    [440.64800015956166, 1506.5614057445525, 895.5301459121704, 0, [[267, 288], [407, 277], [391, 83], [251, 94]], [9.928000159561634, -176.9714057445526, 1822.0001459121704, 4.71]], 
    [55.92015239715579, 1517.2061843538283, 911.5300591278076, 0, [[141, 284], [278, 273], [263, 79], [125, 90]], [-374.79984760284424, -187.61618435382843, 1838.0000591278076, 4.42]]
    ]
For Y:  [
    [440.64800015956166, 1506.5614057445525, 895.5301459121704, 0, [[267, 288], [407, 277], [391, 83], [251, 94]], [9.928000159561634, -176.9714057445526, 1822.0001459121704, 4.71]], 
    [55.92015239715579, 1517.2061843538283, 911.5300591278076, 0, [[141, 284], [278, 273], [263, 79], [125, 90]], [-374.79984760284424, -187.61618435382843, 1838.0000591278076, 4.42]]
    ]
For X:  [
    [440.64800015956166, 1506.5614057445525, 895.5301459121704, 0, [[267, 288], [407, 277], [391, 83], [251, 94]], [9.928000159561634, -176.9714057445526, 1822.0001459121704, 4.71]], 
    [55.92015239715579, 1517.2061843538283, 911.5300591278076, 0, [[141, 284], [278, 273], [263, 79], [125, 90]], [-374.79984760284424, -187.61618435382843, 1838.0000591278076, 4.42]]
    ]
sending... | register: 11 | value: 1
sending... | register: 11 | value: 0
sending... | register: 11 | value: 0

0: 480x640 None381.6ms
Speed: 7.1ms preprocess, 381.6ms inference, 3.1ms postprocess per image at shape (1, 3, 480, 640)
prediction successful!
prediction successful!
Real:  [
    [47.58071753501895, 1518.3290315532684, 922.5300963211059, 0, [[139, 282], [278, 270], [262, 83], [123, 94]], [-383.1392824649811, -188.73903155326843, 1849.000096321106, 4.89]], 
    [98.54197356224063, 906.731523361206, 944.5300514984131, 0, [[146, 483], [291, 482], [291, 279], [145, 279]], [-332.1780264377594, 422.85847663879395, 1871.000051498413, 0.0]]
    ]
For Z:  [
    [47.58071753501895, 1518.3290315532684, 922.5300963211059, 0, [[139, 282], [278, 270], [262, 83], [123, 94]], [-383.1392824649811, -188.73903155326843, 1849.000096321106, 4.89]], 
    [98.54197356224063, 906.731523361206, 944.5300514984131, 0, [[146, 483], [291, 482], [291, 279], [145, 279]], [-332.1780264377594, 422.85847663879395, 1871.000051498413, 0.0]]
    ]
For Y:  [
    [98.54197356224063, 906.731523361206, 944.5300514984131, 0, [[146, 483], [291, 482], [291, 279], [145, 279]], [-332.1780264377594, 422.85847663879395, 1871.000051498413, 0.0]]
    ]
For X:  [
    [98.54197356224063, 906.731523361206, 944.5300514984131, 0, [[146, 483], [291, 482], [291, 279], [145, 279]], [-332.1780264377594, 422.85847663879395, 1871.000051498413, 0.0]]
    ]
sending... | register: 11 | value: 1
sending... | register: 11 | value: 0
sending... | register: 11 | value: 0

0: 480x640 None389.5ms
Speed: 6.8ms preprocess, 389.5ms inference, 2.6ms postprocess per image at shape (1, 3, 480, 640)
prediction successful!
Real:  [
    [47.87435981750491, 1522.7397901678085, 906.5300638961792, 0, [[136, 281], [276, 271], [263, 79], [123, 88]], [-382.8456401824951, -193.14979016780853, 1833.0000638961792, 3.87]]
    ]
For Z:  [
    [47.87435981750491, 1522.7397901678085, 906.5300638961792, 0, [[136, 281], [276, 271], [263, 79], [123, 88]], [-382.8456401824951, -193.14979016780853, 1833.0000638961792, 3.87]]
    ]
For Y:  [
    [47.87435981750491, 1522.7397901678085, 906.5300638961792, 0, [[136, 281], [276, 271], [263, 79], [123, 88]], [-382.8456401824951, -193.14979016780853, 1833.0000638961792, 3.87]]
    ]
For X:  [
    [47.87435981750491, 1522.7397901678085, 906.5300638961792, 0, [[136, 281], [276, 271], [263, 79], [123, 88]], [-382.8456401824951, -193.14979016780853, 1833.0000638961792, 3.87]]
    ]
sending... | register: 11 | value: 1
sending... | register: 11 | value: 0
sending... | register: 11 | value: 0

0: 480x640 (no detections), 421.8ms
Speed: 6.6ms preprocess, 421.8ms inference, 0.9ms postprocess per image at shape (1, 3, 480, 640)
prediction failed!
sending... | register: 11 | value: 1
sending... | register: 11 | value: 0































sending... | register: 11 | value: 0

0: 480x640 None388.6ms
Speed: 4.1ms preprocess, 388.6ms inference, 2.8ms postprocess per image at shape (1, 3, 480, 640)
prediction successful!
prediction successful!
prediction successful!
prediction successful!
prediction successful!
prediction successful!
Real:  [
    [795.8659813117981, 1490.564383354187, 884.530108718872, 0, [[517, 293], [522, 91], [380, 87], [375, 289]], [365.1459813117981, -160.974383354187, 1811.000108718872, 178.58]], 
    [425.6157171291113, 1488.974474158287, 900.5301411437988, 0, [[396, 292], [396, 90], [252, 89], [251, 292]], [-5.10428287088871, -159.38447415828705, 1827.0001411437988, 180.0]], 
    [34.70989915847781, 1499.0247858428954, 911.5300591278076, 0, [[127, 292], [267, 290], [264, 85], [124, 87]], [-396.0101008415222, -169.4347858428955, 1838.0000591278076, 0.84]], 
    [434.7461154063046, 891.3083446884154, 944.5300514984131, 0, [[258, 486], [397, 485], [396, 286], [256, 287]], [4.026115406304598, 438.2816553115845, 1871.000051498413, 0.29]], 
    [821.5506658267975, 896.091885652542, 950.530093460083, 0, [[521, 480], [522, 288], [383, 287], [381, 479]], [390.8306658267975, 433.4981143474579, 1877.000093460083, 179.7]], 
    [40.53541872024539, 891.6017187499999, 956.5301354217529, 0, [[265, 485], [268, 287], [135, 285], [132, 483]], [-390.18458127975464, 437.98828125, 1883.000135421753, 179.13]]
    ]
For Z:  [
    [795.8659813117981, 1490.564383354187, 884.530108718872, 0, [[517, 293], [522, 91], [380, 87], [375, 289]], [365.1459813117981, -160.974383354187, 1811.000108718872, 178.58]], 
    [425.6157171291113, 1488.974474158287, 900.5301411437988, 0, [[396, 292], [396, 90], [252, 89], [251, 292]], [-5.10428287088871, -159.38447415828705, 1827.0001411437988, 180.0]], 
    [34.70989915847781, 1499.0247858428954, 911.5300591278076, 0, [[127, 292], [267, 290], [264, 85], [124, 87]], [-396.0101008415222, -169.4347858428955, 1838.0000591278076, 0.84]], 
    [434.7461154063046, 891.3083446884154, 944.5300514984131, 0, [[258, 486], [397, 485], [396, 286], [256, 287]], [4.026115406304598, 438.2816553115845, 1871.000051498413, 0.29]], 
    [821.5506658267975, 896.091885652542, 950.530093460083, 0, [[521, 480], [522, 288], [383, 287], [381, 479]], [390.8306658267975, 433.4981143474579, 1877.000093460083, 179.7]], 
    [40.53541872024539, 891.6017187499999, 956.5301354217529, 0, [[265, 485], [268, 287], [135, 285], [132, 483]], [-390.18458127975464, 437.98828125, 1883.000135421753, 179.13]]
    ]
For Y:  [
    [434.7461154063046, 891.3083446884154, 944.5300514984131, 0, [[258, 486], [397, 485], [396, 286], [256, 287]], [4.026115406304598, 438.2816553115845, 1871.000051498413, 0.29]], 
    [40.53541872024539, 891.6017187499999, 956.5301354217529, 0, [[265, 485], [268, 287], [135, 285], [132, 483]], [-390.18458127975464, 437.98828125, 1883.000135421753, 179.13]], 
    [821.5506658267975, 896.091885652542, 950.530093460083, 0, [[521, 480], [522, 288], [383, 287], [381, 479]], [390.8306658267975, 433.4981143474579, 1877.000093460083, 179.7]]
    ]
For X:  [
    [821.5506658267975, 896.091885652542, 950.530093460083, 0, [[521, 480], [522, 288], [383, 287], [381, 479]], [390.8306658267975, 433.4981143474579, 1877.000093460083, 179.7]], 
    [434.7461154063046, 891.3083446884154, 944.5300514984131, 0, [[258, 486], [397, 485], [396, 286], [256, 287]], [4.026115406304598, 438.2816553115845, 1871.000051498413, 0.29]], 
    [40.53541872024539, 891.6017187499999, 956.5301354217529, 0, [[265, 485], [268, 287], [135, 285], [132, 483]], [-390.18458127975464, 437.98828125, 1883.000135421753, 179.13]]
    ]
sending... | register: 11 | value: 1
sending... | register: 11 | value: 0
sending... | register: 11 | value: 0

0: 480x640 None384.2ms
Speed: 8.0ms preprocess, 384.2ms inference, 3.4ms postprocess per image at shape (1, 3, 480, 640)
prediction successful!
prediction successful!
prediction successful!
prediction successful!
prediction successful!
Real:  [
    [425.5989542540908, 1486.4759070539474, 906.5300638961792, 0, [[396, 293], [396, 91], [252, 90], [251, 293]], [-5.121045745909214, -156.88590705394745, 1833.0000638961792, 180.0]], 
    [42.53691288948062, 1493.4976471328735, 917.5301010894775, 0, [[130, 294], [270, 290], [265, 87], [125, 91]], [-388.1830871105194, -163.90764713287354, 1844.0001010894775, 1.41]], 
    [806.575952501297, 1496.990449514389, 922.5300963211059, 0, [[516, 293], [522, 90], [382, 86], [376, 289]], [375.855952501297, -167.40044951438904, 1849.000096321106, 178.31]], 
    [37.431208820343045, 894.7061670684814, 956.5301354217529, 0, [[262, 485], [269, 288], [137, 283], [130, 480]], [-393.288791179657, 434.88383293151855, 1883.000135421753, 177.96]], 
    [422.33282740533355, 899.7767341995238, 961.5301306533813, 0, [[387, 484], [395, 286], [259, 280], [251, 478]], [-8.387172594666481, 429.8132658004761, 1888.0001306533813, 177.69]]
    ]       
For Z:  [
    [425.5989542540908, 1486.4759070539474, 906.5300638961792, 0, [[396, 293], [396, 91], [252, 90], [251, 293]], [-5.121045745909214, -156.88590705394745, 1833.0000638961792, 180.0]], 
    [42.53691288948062, 1493.4976471328735, 917.5301010894775, 0, [[130, 294], [270, 290], [265, 87], [125, 91]], [-388.1830871105194, -163.90764713287354, 1844.0001010894775, 1.41]], 
    [806.575952501297, 1496.990449514389, 922.5300963211059, 0, [[516, 293], [522, 90], [382, 86], [376, 289]], [375.855952501297, -167.40044951438904, 1849.000096321106, 178.31]], 
    [37.431208820343045, 894.7061670684814, 956.5301354217529, 0, [[262, 485], [269, 288], [137, 283], [130, 480]], [-393.288791179657, 434.88383293151855, 1883.000135421753, 177.96]], 
    [422.33282740533355, 899.7767341995238, 961.5301306533813, 0, [[387, 484], [395, 286], [259, 280], [251, 478]], [-8.387172594666481, 429.8132658004761, 1888.0001306533813, 177.69]]
    ]      
For Y:  [
    [37.431208820343045, 894.7061670684814, 956.5301354217529, 0, [[262, 485], [269, 288], [137, 283], [130, 480]], [-393.288791179657, 434.88383293151855, 1883.000135421753, 177.96]], 
    [422.33282740533355, 899.7767341995238, 961.5301306533813, 0, [[387, 484], [395, 286], [259, 280], [251, 478]], [-8.387172594666481, 429.8132658004761, 1888.0001306533813, 177.69]]
    ]
For X:  [
    [422.33282740533355, 899.7767341995238, 961.5301306533813, 0, [[387, 484], [395, 286], [259, 280], [251, 478]], [-8.387172594666481, 429.8132658004761, 1888.0001306533813, 177.69]], 
    [37.431208820343045, 894.7061670684814, 956.5301354217529, 0, [[262, 485], [269, 288], [137, 283], [130, 480]], [-393.288791179657, 434.88383293151855, 1883.000135421753, 177.96]]
    ]
sending... | register: 11 | value: 1
sending... | register: 11 | value: 0
sending... | register: 11 | value: 0

0: 480x640 None385.0ms
Speed: 6.7ms preprocess, 385.0ms inference, 3.1ms postprocess per image at shape (1, 3, 480, 640)
prediction successful!
prediction successful!
prediction successful!
prediction successful!
Real:  [
    [46.11560556411746, 1494.9986709022521, 900.5301411437988, 0, [[129, 292], [269, 291], [267, 86], [128, 88]], [-384.60439443588257, -165.4086709022522, 1827.0001411437988, 0.56]], 
    [803.3235356521607, 1492.519892539978, 906.5300638961792, 0, [[518, 292], [522, 91], [381, 88], [376, 289]], [372.60353565216064, -162.92989253997803, 1833.0000638961792, 178.86]], 
    [428.61502494968477, 1495.9945602083205, 911.5300591278076, 0, [[395, 289], [397, 90], [254, 89], [253, 288]], [-2.104975050315261, -166.40456020832062, 1838.0000591278076, 179.42]], 
    [43.63965842247012, 894.7061670684814, 956.5301354217529, 0, [[266, 483], [270, 287], [136, 284], [131, 480]], [-387.0803415775299, 434.88383293151855, 1883.000135421753, 178.83]]]
For Z:  [
    [46.11560556411746, 1494.9986709022521, 900.5301411437988, 0, [[129, 292], [269, 291], [267, 86], [128, 88]], [-384.60439443588257, -165.4086709022522, 1827.0001411437988, 0.56]], 
    [803.3235356521607, 1492.519892539978, 906.5300638961792, 0, [[518, 292], [522, 91], [381, 88], [376, 289]], [372.60353565216064, -162.92989253997803, 1833.0000638961792, 178.86]], 
    [428.61502494968477, 1495.9945602083205, 911.5300591278076, 0, [[395, 289], [397, 90], [254, 89], [253, 288]], [-2.104975050315261, -166.40456020832062, 1838.0000591278076, 179.42]], 
    [43.63965842247012, 894.7061670684814, 956.5301354217529, 0, [[266, 483], [270, 287], [136, 284], [131, 480]], [-387.0803415775299, 434.88383293151855, 1883.000135421753, 178.83]]
    ]
For Y:  [
    [43.63965842247012, 894.7061670684814, 956.5301354217529, 0, [[266, 483], [270, 287], [136, 284], [131, 480]], [-387.0803415775299, 434.88383293151855, 1883.000135421753, 178.83]]
    ]
For X:  [
    [43.63965842247012, 894.7061670684814, 956.5301354217529, 0, [[266, 483], [270, 287], [136, 284], [131, 480]], [-387.0803415775299, 434.88383293151855, 1883.000135421753, 178.83]]
    ]
sending... | register: 11 | value: 1
sending... | register: 11 | value: 0
sending... | register: 11 | value: 0

0: 480x640 None390.0ms
Speed: 6.5ms preprocess, 390.0ms inference, 3.2ms postprocess per image at shape (1, 3, 480, 640)
prediction successful!
prediction successful!
prediction successful!
Real:  [
    [802.1039054107666, 1494.9986709022521, 900.5301411437988, 0, [[516, 293], [523, 90], [383, 85], [376, 289]], [371.3839054107666, -165.4086709022522, 1827.0001411437988, 178.03]], 
    [49.86008855819705, 1502.0550114774703, 911.5300591278076, 0, [[130, 288], [270, 288], [270, 87], [130, 87]], [-380.859911441803, -172.4650114774704, 1838.0000591278076, 0.0]], 
    [430.72, 1329.59, 926.47, 0, [[393, 291], [396, 91], [256, 88], [253, 289]], [-0.0, -0.0, 0.0, 179.14]]]
For Z:  [
    [802.1039054107666, 1494.9986709022521, 900.5301411437988, 0, [[516, 293], [523, 90], [383, 85], [376, 289]], [371.3839054107666, -165.4086709022522, 1827.0001411437988, 178.03]], 
    [49.86008855819705, 1502.0550114774703, 911.5300591278076, 0, [[130, 288], [270, 288], [270, 87], [130, 87]], [-380.859911441803, -172.4650114774704, 1838.0000591278076, 0.0]], 
    [430.72, 1329.59, 926.47, 0, [[393, 291], [396, 91], [256, 88], [253, 289]], [-0.0, -0.0, 0.0, 179.14]]
    ]
For Y:  [
    [430.72, 1329.59, 926.47, 0, [[393, 291], [396, 91], [256, 88], [253, 289]], [-0.0, -0.0, 0.0, 179.14]]
    ]
For X:  [
    [430.72, 1329.59, 926.47, 0, [[393, 291], [396, 91], [256, 88], [253, 289]], [-0.0, -0.0, 0.0, 179.14]]
    ]
sending... | register: 11 | value: 1
sending... | register: 11 | value: 0
sending... | register: 11 | value: 0

0: 480x640 None424.7ms
Speed: 7.3ms preprocess, 424.7ms inference, 3.6ms postprocess per image at shape (1, 3, 480, 640)
prediction successful!
prediction successful!
Real:  [
    [805.5595740985871, 1496.537767138481, 917.5301010894775, 0, [[513, 297], [523, 88], [386, 81], [375, 290]], [374.83957409858704, -166.94776713848114, 1844.0001010894775, 177.26]], 
    [41.48438426971438, 1496.990449514389, 922.5300963211059, 0, [[269, 290], [269, 88], [127, 87], [127, 290]], [-389.23561573028564, -167.40044951438904, 1849.000096321106, 180.0]]
    ]
For Z:  [
    [805.5595740985871, 1496.537767138481, 917.5301010894775, 0, [[513, 297], [523, 88], [386, 81], [375, 290]], [374.83957409858704, -166.94776713848114, 1844.0001010894775, 177.26]], 
    [41.48438426971438, 1496.990449514389, 922.5300963211059, 0, [[269, 290], [269, 88], [127, 87], [127, 290]], [-389.23561573028564, -167.40044951438904, 1849.000096321106, 180.0]]
    ]
For Y:  [
    [805.5595740985871, 1496.537767138481, 917.5301010894775, 0, [[513, 297], [523, 88], [386, 81], [375, 290]], [374.83957409858704, -166.94776713848114, 1844.0001010894775, 177.26]], 
    [41.48438426971438, 1496.990449514389, 922.5300963211059, 0, [[269, 290], [269, 88], [127, 87], [127, 290]], [-389.23561573028564, -167.40044951438904, 1849.000096321106, 180.0]]
    ]
For X:  [
    [805.5595740985871, 1496.537767138481, 917.5301010894775, 0, [[513, 297], [523, 88], [386, 81], [375, 290]], [374.83957409858704, -166.94776713848114, 1844.0001010894775, 177.26]], 
    [41.48438426971438, 1496.990449514389, 922.5300963211059, 0, [[269, 290], [269, 88], [127, 87], [127, 290]], [-389.23561573028564, -167.40044951438904, 1849.000096321106, 180.0]]
    ]
sending... | register: 11 | value: 1
sending... | register: 11 | value: 0
sending... | register: 11 | value: 0

0: 480x640 None401.8ms
Speed: 6.6ms preprocess, 401.8ms inference, 2.8ms postprocess per image at shape (1, 3, 480, 640)
prediction successful!
Real:  [
    [43.79999491691592, 1492.9643196725845, 911.5300591278076, 0, [[127, 292], [271, 291], [269, 89], [126, 90]], [-386.9200050830841, -163.37431967258453, 1838.0000591278076, 0.57]]
    ]
For Z:  [
    [43.79999491691592, 1492.9643196725845, 911.5300591278076, 0, [[127, 292], [271, 291], [269, 89], [126, 90]], [-386.9200050830841, -163.37431967258453, 1838.0000591278076, 0.57]]
    ]
For Y:  [
    [43.79999491691592, 1492.9643196725845, 911.5300591278076, 0, [[127, 292], [271, 291], [269, 89], [126, 90]], [-386.9200050830841, -163.37431967258453, 1838.0000591278076, 0.57]]
    ]
For X:  [
    [43.79999491691592, 1492.9643196725845, 911.5300591278076, 0, [[127, 292], [271, 291], [269, 89], [126, 90]], [-386.9200050830841, -163.37431967258453, 1838.0000591278076, 0.57]]
    ]
sending... | register: 11 | value: 1
sending... | register: 11 | value: 0
sending... | register: 11 | value: 0

0: 480x640 None384.4ms
Speed: 6.6ms preprocess, 384.4ms inference, 1.9ms postprocess per image at shape (1, 3, 480, 640)
prediction successful!
Real:  [[609.5019862365723, 1120.8063585424422, 933.5301335144043, 0, [[323, 413], [455, 406], [444, 211], [312, 219]], [178.78198623657227, 208.78364145755768, 1860.0001335144043, 3.23]]]
For Z:  [[609.5019862365723, 1120.8063585424422, 933.5301335144043, 0, [[323, 413], [455, 406], [444, 211], [312, 219]], [178.78198623657227, 208.78364145755768, 1860.0001335144043, 3.23]]]
For Y:  [[609.5019862365723, 1120.8063585424422, 933.5301335144043, 0, [[323, 413], [455, 406], [444, 211], [312, 219]], [178.78198623657227, 208.78364145755768, 1860.0001335144043, 3.23]]]
For X:  [[609.5019862365723, 1120.8063585424422, 933.5301335144043, 0, [[323, 413], [455, 406], [444, 211], [312, 219]], [178.78198623657227, 208.78364145755768, 1860.0001335144043, 3.23]]]
sending... | register: 11 | value: 1
sending... | register: 11 | value: 0
sending... | register: 11 | value: 0

0: 480x640 None391.0ms
Speed: 6.9ms preprocess, 391.0ms inference, 2.7ms postprocess per image at shape (1, 3, 480, 640)
prediction successful!
Real:  [[609.5019862365723, 1120.8063585424422, 933.5301335144043, 0, [[323, 413], [456, 405], [444, 211], [311, 219]], [178.78198623657227, 208.78364145755768, 1860.0001335144043, 3.54]]]
For Z:  [[609.5019862365723, 1120.8063585424422, 933.5301335144043, 0, [[323, 413], [456, 405], [444, 211], [311, 219]], [178.78198623657227, 208.78364145755768, 1860.0001335144043, 3.54]]]
For Y:  [[609.5019862365723, 1120.8063585424422, 933.5301335144043, 0, [[323, 413], [456, 405], [444, 211], [311, 219]], [178.78198623657227, 208.78364145755768, 1860.0001335144043, 3.54]]]
For X:  [[609.5019862365723, 1120.8063585424422, 933.5301335144043, 0, [[323, 413], [456, 405], [444, 211], [311, 219]], [178.78198623657227, 208.78364145755768, 1860.0001335144043, 3.54]]]
sending... | register: 11 | value: 1
sending... | register: 11 | value: 0
sending... | register: 11 | value: 0

0: 480x640 None379.5ms
Speed: 7.7ms preprocess, 379.5ms inference, 2.7ms postprocess per image at shape (1, 3, 480, 640)
prediction successful!
Real:  [[604.3573156309128, 1114.1851467752456, 911.5300591278076, 0, [[324, 417], [454, 409], [443, 213], [313, 220]], [173.63731563091278, 215.40485322475433, 1838.0000591278076, 3.21]]]
For Z:  [[604.3573156309128, 1114.1851467752456, 911.5300591278076, 0, [[324, 417], [454, 409], [443, 213], [313, 220]], [173.63731563091278, 215.40485322475433, 1838.0000591278076, 3.21]]]
For Y:  [[604.3573156309128, 1114.1851467752456, 911.5300591278076, 0, [[324, 417], [454, 409], [443, 213], [313, 220]], [173.63731563091278, 215.40485322475433, 1838.0000591278076, 3.21]]]
For X:  [[604.3573156309128, 1114.1851467752456, 911.5300591278076, 0, [[324, 417], [454, 409], [443, 213], [313, 220]], [173.63731563091278, 215.40485322475433, 1838.0000591278076, 3.21]]]
sending... | register: 11 | value: 1
sending... | register: 11 | value: 0
sending... | register: 11 | value: 0

0: 480x640 None379.1ms
Speed: 6.6ms preprocess, 379.1ms inference, 1.8ms postprocess per image at shape (1, 3, 480, 640)
prediction successful!
Real:  [[609.0213939857483, 1124.425865497589, 928.5301382827759, 0, [[323, 412], [456, 404], [444, 210], [311, 218]], [178.3013939857483, 205.1641345024109, 1855.0001382827759, 3.54]]]
For Z:  [[609.0213939857483, 1124.425865497589, 928.5301382827759, 0, [[323, 412], [456, 404], [444, 210], [311, 218]], [178.3013939857483, 205.1641345024109, 1855.0001382827759, 3.54]]]
For Y:  [[609.0213939857483, 1124.425865497589, 928.5301382827759, 0, [[323, 412], [456, 404], [444, 210], [311, 218]], [178.3013939857483, 205.1641345024109, 1855.0001382827759, 3.54]]]
For X:  [[609.0213939857483, 1124.425865497589, 928.5301382827759, 0, [[323, 412], [456, 404], [444, 210], [311, 218]], [178.3013939857483, 205.1641345024109, 1855.0001382827759, 3.54]]]
sending... | register: 11 | value: 1
sending... | register: 11 | value: 0
sending... | register: 11 | value: 0

0: 480x640 (no detections), 408.4ms
Speed: 6.5ms preprocess, 408.4ms inference, 1.5ms postprocess per image at shape (1, 3, 480, 640)
prediction failed!
sending... | register: 11 | value: 1
sending... | register: 11 | value: 0



Real:  [
    [594.6849868011475, 1608.0865634346007, 596.5301211166382, 90.32, [[302, 222], [480, 221], [479, 44], [301, 45]], [163.96498680114746, -278.49656343460083, 1523.0001211166382, 90.32]], 
    [17.21349212646487, 1595.5320371055602, 596.5301211166382, 0, [[198, 222], [199, 54], [123, 54], [122, 221]], [-413.50650787353516, -265.9420371055603, 1523.0001211166382, 179.66]], 
    [260.4210362148285, 1596.0558725261687, 599.5300228881836, 0, [[218, 226], [302, 224], [297, 51], [214, 53]], [-170.2989637851715, -266.4658725261688, 1526.0000228881836, 1.66]], 
    [165.94585630416873, 1204.6808598303794, 717.5300534057617, 95.64, [[157, 343], [309, 328], [300, 236], [148, 251]], [-264.7741436958313, 124.90914016962051, 1644.0000534057617, 95.64]], 
    [602.7087554645539, 1212.527915623188, 721.5301211166382, 97.34, [[314, 347], [477, 326], [464, 227], [301, 248]], [171.98875546455383, 117.06208437681198, 1648.0001211166382, 97.34]], 
    [133.46087786674502, 829.3249381446838, 900.5301411437988, 89.6, [[299, 480], [300, 340], [155, 339], [154, 479]], [-297.259122133255, 500.26506185531616, 1827.0001411437988, 89.6]]
    ]     
For Z:  [
    [165.94585630416873, 1204.6808598303794, 717.5300534057617, 95.64, [[157, 343], [309, 328], [300, 236], [148, 251]], [-264.7741436958313, 124.90914016962051, 1644.0000534057617, 95.64]], 
    [602.7087554645539, 1212.527915623188, 721.5301211166382, 97.34, [[314, 347], [477, 326], [464, 227], [301, 248]], [171.98875546455383, 117.06208437681198, 1648.0001211166382, 97.34]]
    ]
For Y:  [
    [165.94585630416873, 1204.6808598303794, 717.5300534057617, 95.64, [[157, 343], [309, 328], [300, 236], [148, 251]], [-264.7741436958313, 124.90914016962051, 1644.0000534057617, 95.64]], 
    [602.7087554645539, 1212.527915623188, 721.5301211166382, 97.34, [[314, 347], [477, 326], [464, 227], [301, 248]], [171.98875546455383, 117.06208437681198, 1648.0001211166382, 97.34]]
    ]
For X:  [
    [602.7087554645539, 1212.527915623188, 721.5301211166382, 97.34, [[314, 347], [477, 326], [464, 227], [301, 248]], [171.98875546455383, 117.06208437681198, 1648.0001211166382, 97.34]], 
    [165.94585630416873, 1204.6808598303794, 717.5300534057617, 95.64, [[157, 343], [309, 328], [300, 236], [148, 251]], [-264.7741436958313, 124.90914016962051, 1644.0000534057617, 95.64]]
    ]


Real:  [
    [593.8237145853043, 1604.1259539985656, 588.5301049041748, 90.0, [[479, 222], [479, 46], [302, 46], [302, 222]], [163.10371458530426, -274.5359539985657, 1515.0001049041748, 90.0]], 
    [11.698065729141263, 1597.4528265857696, 607.530039100647, 0, [[198, 223], [199, 54], [123, 54], [122, 222]], [-419.02193427085876, -267.86282658576965, 1534.000039100647, 179.66]], 
    [599.5810762357712, 1212.8120509648322, 717.5300534057617, 97.64, [[313, 347], [477, 325], [464, 226], [300, 248]], [168.86107623577118, 116.7779490351677, 1644.0000534057617, 97.64]], 
    [165.30161950111392, 1204.3769431972503, 721.5301211166382, 95.64, [[157, 343], [309, 328], [300, 236], [148, 252]], [-265.4183804988861, 125.21305680274963, 1648.0001211166382, 95.64]], 
    [140.294431180954, 843.7681568527221, 858.5300858306884, 89.6, [[298, 480], [300, 340], [156, 339], [154, 478]], [-290.425568819046, 485.82184314727783, 1785.0000858306885, 89.6]]
    ]
For Z:  [
    [599.5810762357712, 1212.8120509648322, 717.5300534057617, 97.64, [[313, 347], [477, 325], [464, 226], [300, 248]], [168.86107623577118, 116.7779490351677, 1644.0000534057617, 97.64]], 
    [165.30161950111392, 1204.3769431972503, 721.5301211166382, 95.64, [[157, 343], [309, 328], [300, 236], [148, 252]], [-265.4183804988861, 125.21305680274963, 1648.0001211166382, 95.64]]]
For Y:  [
    [165.30161950111392, 1204.3769431972503, 721.5301211166382, 95.64, [[157, 343], [309, 328], [300, 236], [148, 252]], [-265.4183804988861, 125.21305680274963, 1648.0001211166382, 95.64]], 
    [599.5810762357712, 1212.8120509648322, 717.5300534057617, 97.64, [[313, 347], [477, 325], [464, 226], [300, 248]], [168.86107623577118, 116.7779490351677, 1644.0000534057617, 97.64]]]
For X:  [
    [599.5810762357712, 1212.8120509648322, 717.5300534057617, 97.64, [[313, 347], [477, 325], [464, 226], [300, 248]], [168.86107623577118, 116.7779490351677, 1644.0000534057617, 97.64]], 
    [165.30161950111392, 1204.3769431972503, 721.5301211166382, 95.64, [[157, 343], [309, 328], [300, 236], [148, 252]], [-265.4183804988861, 125.21305680274963, 1648.0001211166382, 95.64]]]
sending... | register: 11 | value: 1
sending... | register: 11 | value: 0